0
0
0
0
0
0
0
0
0
0
0
0
0
0
0
0
0
0
0
0
0
0
0
0
0
0
0
0
0
0
0
0
0
0
0
0
0
0
0
0
0
0
0
0
0
0
0
0
0
0
0
0
0
0
0
0
0
0
0
0
0
0
0
0
0
0
0
0.195
1.14
1.27
1.83
2.11
5.285
7.105
7.195
4.51
0.61
0
0
0
0
0
0
0
0
0
0
0
0
0
0
0
0
0
0.04
1.615
3.005
5.3
8.56
13.57
16.625
16.475
12
8.185
2.495
1.275
0
0
0
0
0
0
0
0
0
0
0
0
0
0.425
1.265
2.435
3.13
5.825
13.985
21.69
33.275
45.43
48.835
42.56
28.72
16.285
10.46
2.68
1.265
0.95
0
0
0
0
0
0
0
0.125
0.62
0.905
2.355
4.675
7.155
13.72
18.37
30.65
44.72
63.945
78.695
88.955
92.79
77.605
57.615
41.17
26.725
16.455
8.255
3.84
0.97
1.17
0
0
0
0
0
1.385
3.285
4.825
7.765
12.115
19.925
31.59
46.08
57.635
73.29
97.91
116.44
119.905
111.895
99.94
90.575
70.195
50.2
33.74
18.28
10.07
4.935
0.76
0
0
0
0
0
3.265
6.665
11.065
14.75
22.445
34.515
49.58
61.95
75.94
101.255
129.48
143.775
139.08
131.3
119.42
113.045
100.89
76.88
47.82
25.07
14.065
7.82
3.27
0
0
0
0
0
3.275
9.195
14.035
19.485
30.315
41.755
57.935
77.49
99.88
121.905
140.23
136.305
127.935
125.195
126.105
127.005
122.875
100.64
64.22
31.28
17.83
9.6
6.51
0
0
0
0.39
0
1.77
6.33
13.085
21.225
30.115
36.88
60.28
82.505
104.545
118.535
124.315
114.625
104.77
109.51
119.405
127.395
126.46
102.075
63.205
29.685
14.85
6.215
2.22
0
0
0
0.045
0
1.33
4.62
9.995
20.14
28.93
38.31
61.425
88.805
109.055
104.975
101.845
92.545
91.255
100.25
112.28
124.39
116.13
87.35
48.37
21.585
10.425
3.62
0
0
0
0
0
0
1.005
2.965
10.885
21.08
31.25
43.49
67.58
92.845
102.39
100.35
97.965
95.015
94.82
101.39
115.22
114.66
101.215
74.57
40.03
19.375
7.75
4.035
0
0
0
0
0
0
1.745
3.85
12.895
22.22
34.545
54.11
75.695
96.055
98.91
90.205
95.745
102.325
114.9
121.32
120.605
109.61
86.195
60.785
31.595
16.355
7.405
4.48
0
0
0
0
0
0
1.23
4.81
10.67
20.04
36.65
58.105
79.02
93.53
93.29
86.235
102.77
122.525
139.36
133.705
121.86
105.65
73.84
55.235
29.725
16.655
7.255
4.34
0
0
0
0
0
0
1.635
4.035
8.935
19.57
34.905
58.89
81.58
91.975
92.99
98.745
121.97
138.8
145.71
134.22
118.37
90.765
70.57
54.38
32.715
16.26
8.75
5.28
0.305
0.065
0
0
0
0
0.76
2.905
11.795
22.185
37.715
65.755
84.325
93.61
93.17
102.515
126.54
134.195
134.425
121.395
105.805
85.225
71.08
57.205
35.34
19.14
11.57
6.34
2.07
1.09
0
0
0
0
0
1.46
12.08
25.155
40.195
65.07
80.985
86.89
85.935
92.71
105.625
116.695
121.12
111.29
96.07
86.155
77.305
59.505
37.66
19.885
11.76
7.86
2.7
0.555
0
0
0
0
0
0.54
12.22
28.06
46.17
64.27
71.435
76.155
73.15
75.525
92.215
109.675
110.435
98.745
89.81
85.285
81.325
61.295
36.64
21.65
14.825
10.295
3.575
0
0
0
0
0
0
0.93
12.58
32.18
50.26
60.735
67.775
68.105
63.88
70.58
91.21
107.29
111.01
94.745
93.715
91.02
79.05
52.28
32.68
20.425
14.095
7.945
0.47
0
0
0
0
0
0
1.235
14.72
36.485
49.69
61.02
71.03
77.38
74.42
83.375
104.27
120.3
113.62
100.465
100.015
91.04
69.725
44.85
26.51
15.3
9.58
2.73
0
0
0
0
0
0.1
1.375
4.895
16.38
34.785
50.62
64.63
80.935
92.675
101.35
112.875
129.74
131.21
119.01
104.985
93.26
75.685
51.505
33.855
17.09
9.565
3.925
0.825
0
0
0
0
0
0.605
1.89
7.595
15.775
26.555
46.185
64.68
88.17
109.8
122.915
137.955
141.01
133.17
116.9
95.685
77.485
57.425
37.45
21.27
12.125
4.39
1.385
1.185
0
0
0
0
0
0.255
1.79
6.595
12.475
18.785
36.43
57.23
82.175
108.95
122.87
125.22
123.13
112.345
94.085
71.525
53.695
36.65
22.67
12.145
6.53
2.04
0.33
0
0
0
0
0
0
0
0.455
3.65
7.9
14.25
25.365
43.175
72.395
95.995
100.43
90.765
84.035
77.02
58.095
41.155
28.755
19.615
12.225
6.875
3.935
1.085
1.175
0
0
0
0
0
0
0
0.03
0.965
2.515
4.29
14.11
26.965
47.045
59.24
53.825
41.14
37.63
36.915
28.505
23.65
16.365
11.205
6.46
2.91
0.675
0.115
0.495
0
0
0
0
0
0
0
0
0
0.02
1.31
5.745
12.83
20.02
18.73
13.065
12.13
13.795
12.45
11.825
8.925
4.97
3.605
2.275
0.91
0
0
0
0
0
0
0
0
0
0
0
0
0.64
3.475
5.9
8.345
7.415
6.785
5.48
5.285
6.145
7.135
6.58
5.025
3.47
1.75
1.06
0
0
0
0
0
0
0
0
0
0
0
0
0
0.885
2.055
2.505
1.475
0
0
0
0
0
0
0.54
0.95
0.46
0
0
0
0
0
0
0
0
0
0
