# PC
   0.00000    0.00000    0.00000    0.00000    0.00000    0.00000    0.00000    0.00000    0.00000    0.00000
  -0.00135   -0.00054    0.00040    0.00087    0.00031   -0.00001   -0.00231   -0.00066   -0.00053   -0.00196
  -0.19248   -0.05978   -0.09704   -0.11473    0.08542    0.37520    0.88568    0.05549    0.03478    0.00005
   0.00000    0.00000    0.00000    0.00000    0.00000    0.00000    0.00000    0.00000    0.00000    0.00000
  -0.00649    0.02911    0.00747   -0.01813   -0.00796    0.00028   -0.02974   -0.14948    0.98761   -0.00825
   0.27804   -0.62317   -0.58315   -0.17785   -0.39627    0.05068   -0.05256    0.00134    0.01672   -0.00387
   0.58912   -0.37211    0.68689   -0.13746    0.04402    0.07761    0.12069    0.03075    0.01579    0.00659
   0.00306    0.00288    0.00720   -0.00622   -0.00014    0.00477   -0.00054   -0.00326   -0.00909   -0.99989
   0.00000    0.00000    0.00000    0.00000    0.00000    0.00000    0.00000    0.00000    0.00000    0.00000
  -0.42365   -0.60757    0.02723   -0.04471    0.62661   -0.20941   -0.10867    0.00640    0.01687   -0.00378
  -0.33416   -0.31113    0.26681    0.70713   -0.42825    0.19010   -0.01376    0.01743    0.01662   -0.00363
  -0.01378    0.02924   -0.01180   -0.02452   -0.00681    0.00742   -0.07544    0.98551    0.14549   -0.00435
   0.00000    0.00000    0.00000    0.00000    0.00000    0.00000    0.00000    0.00000    0.00000    0.00000
   0.49563    0.03908   -0.31842    0.65793    0.42806   -0.09499    0.15663    0.02965    0.02922   -0.00572
  -0.03939   -0.02095    0.07168    0.02102   -0.27268   -0.87266    0.39386    0.03402    0.01522   -0.00438
   0.00000    0.00000    0.00000    0.00000    0.00000    0.00000    0.00000    0.00000    0.00000    0.00000
