# Y
 -80.59933   85.13713   -5.51314  192.84684  -64.37727   38.62525  -15.66025   -3.40194   -3.67042   -0.47405
  13.11051   -0.23377 -151.83235 -110.16175 -110.23665   18.80211  -42.92971  -10.57046   -7.25645    0.37989
-123.64815  104.81990   22.98153   50.79186 -112.76865  -47.85793    1.25994  -12.32176   38.01675   -0.22435
 191.01124   44.65324   65.19509   59.63671  135.66235  -10.66888   32.08898    3.93043    0.51423    1.22678
 153.77384  -93.61752   -0.18263 -148.47123 -114.07102   -0.54277    0.85303   -2.14257   -2.85152    1.68927
 -67.70648 -175.68349  -84.65748  -43.32836  -53.11011    9.71992  -61.84195   42.73905    6.05534   -0.64075
 -77.12964  145.00582  -18.12864  -40.19773  -31.83798   11.76289  -33.43550  -10.92523  -10.98568    1.03593
 -11.97959   54.76074   41.51913  209.77944  -44.40168   41.94230    0.87522    0.44843   -1.12609   -0.14982
 -63.09494  158.07328  -29.33466  -69.89711  -13.85154    3.77884  -32.85779  -11.65728  -11.68391    1.18831
-147.30313   79.66849   37.90147  108.29919 -121.77020   51.68314  -36.32408   -7.26497   -7.49455    0.27403
   1.66448  -15.46964  212.90432   74.79928 -111.44620   71.77649   -5.69534    0.57926   -3.45018    1.94036
  75.93687   70.25539  132.77060 -102.33704   -3.46336   22.09500   -4.37403   -4.40133   -7.95704    2.74329
  38.83206  143.58698  -40.13373   28.54745   39.15300  -49.04636   16.42124   -3.84767   -5.59760    0.40122
-115.43839  -83.72457 -142.09503   13.17860 -187.65148  153.35425  173.98182    6.53588    5.00158   -0.58312
 -63.09494  158.07328  -29.33466  -69.89711  -13.85154    3.77884  -32.85779  -11.65728  -11.68391    1.18831
 157.13013  -25.43927 -201.47660   69.72695  -19.67944    5.07293    0.67546   -1.16900    1.56836   -0.94204
-105.94298 -169.79192  219.82001   63.44337   47.71236   18.58690  -33.29735    2.20545    0.83438    0.98117
  62.76046 -138.66442  -47.52388   -3.67689  179.46904  -47.31435  -17.33193    1.04545    3.19077   -0.28148
-203.23068   -6.35181  -38.81931 -100.64180  159.74380   13.99845   89.22049   -0.65262   -1.52150    0.23816
  83.60142  154.15312  -84.16092   90.81557   95.64925  -17.28627   11.07859   -3.04757   -3.73571   -0.00944
-118.02934 -143.53504  194.03634   67.81737   34.42818   19.60170  -35.53065    0.48726    2.85808    0.80202
 145.67771  -79.41787   -0.04487 -145.27148  -96.67444   34.59968  -15.93425   -3.86964   -3.90048    1.87577
  21.40951   97.78938  -73.62305   62.43636  138.01991  -33.82677   -5.81242   -3.75697   -3.35527   -0.18657
 190.13926   55.49361   70.40928   48.64341  116.05164   -4.98037   31.33436    3.27506   -0.33227    1.40149
 -44.65810  103.55486   40.52235  -43.34187  -32.39134   42.98797   25.24714   -4.89367   -7.38136    1.52274
 -38.31635  -78.99401  131.41643 -111.99875  154.54039  -31.81650  -33.31569   -3.15050   -3.87885    1.70882
 117.22459  -29.59626   70.79633 -113.09041  -67.20572   34.85859   -9.77172   -3.26197   -4.98301    2.24419
 131.81654   -0.23247  127.38898  230.07922    3.66196   44.62564   34.03139    7.77142    3.66116    0.54455
  -3.87891  -15.73099  226.35099   69.64847 -174.05390 -151.93653   94.03648    8.89454    0.13570    0.88069
  80.61922   26.57061   55.66281 -113.71024  -41.06435   23.99086  -13.38163   -5.35540   -6.98820    2.16038
 -16.19514  133.87610   28.61167  -85.10214  -11.96888   10.20268  -29.41461  -41.57384  203.92149   -0.06062
 -34.27999    7.54757  -90.64172   82.77399  253.77293  -71.83604  -18.55130   -1.98229    0.26116   -1.09576
-190.61255  -14.49475  -44.75410  -98.96144  149.50483   -0.52322   52.01394   -2.90507   -2.66324    0.17015
 105.51426  109.60215    8.11849   48.43675   66.18681   -0.48196   13.08240   -1.54583   -3.70146    0.93585
-172.39775 -114.38083  -37.53061  164.88136   61.34239   -9.56560  -48.21874   -1.88796    1.60062   -1.66969
 -63.09494  158.07328  -29.33466  -69.89711  -13.85154    3.77884  -32.85779  -11.65728  -11.68391    1.18831
-219.27166  -59.74394   -0.23406   52.52084   11.96126   29.67149    2.17611   -2.80278   -1.68190   -0.48810
-150.34971  -75.59296   85.46918   -4.69671   94.14623  -16.37454  -49.21129   -4.49928   -3.58194    0.46989
 -47.91741 -115.71813  173.61011  -59.53386  121.40960  -17.10786  -29.72238   -0.72528   -2.01261    1.59933
-136.91416  -70.42202  -92.42434 -102.55012   97.12828  -43.11927  -66.65880   -9.87658   -5.40977   -0.23166
 -63.09494  158.07328  -29.33466  -69.89711  -13.85154    3.77884  -32.85779  -11.65728  -11.68391    1.18831
 -12.50953 -299.63920   58.06395  -12.86639  -46.09077   26.90783  -43.92261    1.54701    3.91410    0.23473
  83.52297  -48.21445  -88.84667 -132.80261 -108.82528   26.66435  -30.63951   -7.35050   -5.39978    1.05495
 226.30908   -4.76887    5.58416   13.45266   39.76566    9.49390   24.69525    2.63276    0.60807    1.16726
 -72.26271   74.04590   72.88138   40.45743  -83.90086   42.83951  -25.32677   -6.13822   -7.52958    1.10457
 108.76153 -125.27039    5.37321  -24.22603 -150.06400   57.68265  -15.71846   -0.96551   -0.60884    0.99489
  23.00401   15.27905   97.75126   -8.63363   54.04575    4.90827   -9.85179   -2.07266   -4.05474    1.45734
 -63.09494  158.07328  -29.33466  -69.89711  -13.85154    3.77884  -32.85779  -11.65728  -11.68391    1.18831
 -81.84065  -81.62768 -101.51348   66.93649 -254.36397  -34.54665   -4.80296   -3.01103   -1.47907   -1.21558
  79.98163   -1.18688  160.11677  148.61254  -39.57048   53.17312   16.64016    4.25874    0.20545    1.22515
 -63.09494  158.07328  -29.33466  -69.89711  -13.85154    3.77884  -32.85779  -11.65728  -11.68391    1.18831
 187.27374  -24.39216 -193.26420   38.86432   -2.80416   -3.70268    6.27084   -0.82081    1.46900   -0.64315
  17.23366  -75.11576  138.22141   58.35768 -169.35228   27.16621    7.66222    1.88402   -1.18786    1.14379
  55.42464  142.72315  -42.62081   33.18324   61.08833   -7.69492    0.73359   -4.83222   -5.81370    0.61031
 -96.85019  116.05978   -6.71656    6.45994  -66.14236   25.48775  -35.01538   -9.70648   -9.63795    0.73914
 277.45366  -89.92159  -83.37679   16.33997   11.59547   10.11163   22.91974    4.02641    4.10349    0.39081
  46.17885  -35.77464 -101.72460 -120.98307 -179.44124 -197.74040   63.50733   -0.15866   -2.29189   -0.35177
 191.54869   -8.05284 -134.42062   35.73251   15.53599    1.23047   10.46437   -0.12138    0.89576   -0.11790
  -6.88891  -23.82584  226.58743   78.48117 -182.42699 -148.97107   93.52853    9.14660    0.46877    0.80667
  68.52939   48.67936  139.76940 -104.91541   15.73106   16.51127   -6.54786   -3.93256   -7.30886    2.68930
-234.43737  -55.37842   28.78133   54.56030   62.45667  -12.70283  -62.99211   -6.69097   -4.22432   -0.46369
 161.38126   69.45834   97.05361   -5.46370   61.96663    9.14897   21.44956    0.62943   -3.26029    1.99811
-170.64629  -64.78341  -50.32252  -48.41003   85.50711  -32.70163  -65.35895   -8.78253   -5.01481   -0.30852
 169.01585 -241.40173  -71.90925   15.56346  154.90001  -37.12413   -3.80291    5.78895    8.37631   -0.56589
-126.33445 -121.57779  -84.96096   67.25819 -192.20842  -63.07631   -9.32698   -2.13185   -0.21014   -1.50641
  86.70015   63.70734  145.50922 -105.13482   -2.67854   23.73982   -2.22941   -4.01729   -8.14559  -49.13217
-241.59339  -32.01278  -30.06198  -65.29679  140.30901   58.22261  164.40017    5.24177    2.55043    0.00678
  76.88665  148.18241  -65.99730   69.94862   83.80763  -13.52271    8.10535   -3.50776   -4.37785    0.24211
 -66.60986  165.53050  -32.34458  -76.14864  -15.58915    5.67142  -52.09517  239.64853   25.41537    0.07956
 -30.57601 -193.78482    5.33157  -58.32134   19.55898  -49.07378  -26.25137   -0.79604    0.96657    0.04066
 -56.09300  132.83893  -47.92681  -69.93550  -31.97142    7.31433  -34.87389  -11.45214  -10.93236    1.01629
 149.87137   33.72020   33.47660  -29.38237   19.58361   12.41541    9.28142   -1.08553   -3.21250    1.58392
 -63.09494  158.07328  -29.33466  -69.89711  -13.85154    3.77884  -32.85779  -11.65728  -11.68391    1.18831
-203.22777   -5.05831  -12.71085  -35.12609   96.37532   15.96722   41.75188   -2.64725   -2.79839    0.08474
 -42.72500   87.91415  -29.28450  247.12262  -31.44869   31.64089   -3.27520   -1.00854   -1.32874   -0.93297
 174.66981   70.92466   87.45105   13.09582   73.90841    6.41172   25.71450    1.42892   -2.45787    1.83135
 -15.98265  -83.47405  151.72353 -115.63068  148.96822  -27.18469  -28.49951   -2.29856   -3.59065    1.94802
 162.85911   49.30778   40.18869   64.05201  143.43282  -16.68160   25.99326    2.88888    0.18295    0.92634
  85.95187   63.92952  144.44768 -104.67382   -2.71506   23.41439   -2.32223   -3.87866   -7.68858    2.85530
 153.91714   -7.70435   51.17505  -79.16508  -19.91867   22.67477    2.37012   -1.64324   -3.62317    1.97800
  71.87195  -95.54292  -68.68916 -139.01528  -67.80822   15.43885  -34.29507   -6.14911   -3.94321    0.99222
 -49.83236 -119.71229 -162.44140   53.03677  -62.12049   11.17158  -46.74080   -4.95855    0.03674   -1.37455
-248.01742  -78.14379   52.34888   95.48292   37.24842   -0.44343  -62.50829   -5.31228   -3.05735   -0.62454
 -32.23376   86.72345  -35.11715 -104.76168  -25.46119   60.01560   84.86985   -2.50052   -5.15127    1.36907
-140.95410   85.57996   32.83208   94.86375 -113.63348   48.07130  -36.06273   -7.59613   -7.81041    0.34297
  57.04621 -123.76756  108.39687  150.17659  203.73404  -26.79389    7.87229    7.70051    6.31628   -0.05893
 -71.11533  148.41067  -15.28100  -65.82340  -85.61282 -216.65033   66.42045   -3.04042   -7.71583    0.05371
  50.45917  -93.77366 -222.01849  124.49783   17.01352   -9.47237  -19.74413   -1.04148    3.73721   -2.03772
 -55.03183  140.00131  -46.24604  -75.05471  -25.34331    5.24867  -34.38214  -11.61839  -11.19902    1.07604
  66.31237    3.99676 -199.24332   84.49712   60.40743  -21.48156  -11.23578   -2.90377    0.38675   -1.32598
-184.18052 -206.42411 -155.87135  -58.59933    6.86236   67.87711  112.32666    4.33236    6.34862   -1.20688
 186.50162 -125.07813   -5.29029  101.84936  -85.79922   49.54815   13.01778    5.06035    4.58210    0.24166
-104.81013  -88.13746   23.23531   60.80650 -160.36160 -129.17719   33.26693    2.22833    0.23146   -0.88523
-197.35686  -18.75685  -36.86524 -115.00454  156.03816   51.35765  169.17288    4.78793    1.79651    0.41126
 137.32326    6.44674 -253.78949   50.24587   -6.29151   -6.78519   -5.78939   -3.59833    0.08346   -1.20003
  58.51497 -225.05314   16.19729 -120.64155   -7.23899    6.73444  -36.88843   -1.40557    0.61090    0.96983
 156.29554  -93.73289   -3.08957 -149.66947 -102.97082   36.23741  -15.62090   -3.53939   -3.45832    1.87584
  53.83522  -52.68357 -192.80688   98.02796   65.26974  -22.13492  -15.66540   -1.56403    2.28140   -1.58833
 -27.68783  101.91500  -41.29095  215.30185  -12.17750   23.08655   -2.65622   -1.79288   -2.07684   -0.76971
 122.40450   72.24498  107.17904  -44.33102   34.81041   13.95161   10.04880   -1.63939   -5.29313    2.26053
